0.999976 
0.999974 
0.999965 
0.999944 
0.999922 
0.999883 
0.999826 
0.999742 
0.999622 
0.999455 
0.999224 
0.998908 
0.998483 
0.997921 
0.997191 
0.996255 
0.995078 
0.993622 
0.991853 
0.989741 
0.987264 
0.984409 
0.981174 
0.977569 
0.97361 
0.969328 
0.964756 
0.959936 
0.954908 
0.949717 
0.944408 
0.939025 
0.933607 
0.928186 
0.922801 
0.917494 
0.912321 
0.907304 
0.90248 
0.897893 
0.89359 
0.889629 
0.886079 
0.883032 
0.880606 
0.878965 
0.878344 
0.879087 
0.881645 
0.886547 
0.894256 
0.904598 
0.916127 
0.926782 
0.935172 
0.941315 
0.945522 
0.94825 
0.949813 
0.950449 
0.950365 
0.949684 
0.948513 
0.946935 
0.945021 
0.94283 
0.940414 
0.937834 
0.935147 
0.932421 
0.929734 
0.927168 
0.924813 
0.922757 
0.921083 
0.919859 
0.919142 
0.91897 
0.919368 
0.920343 
0.921893 
0.924002 
0.926637 
0.929728 
0.933191 
0.937065 
0.941489 
0.946457 
0.951922 
0.957734 
0.963818 
0.970099 
0.976496 
0.982923 
0.989289 
0.995505 
1.00148 
1.00712 
1.01235 
1.01709 
1.02127 
1.02482 
1.0277 
1.02986 
1.0313 
1.03198 
1.03193 
1.03116 
1.02975 
1.02777 
1.02535 
1.02254 
1.01951 
1.01639 
1.01331 
1.0104 
1.00773 
1.00533 
1.00323 
1.00143 
0.999904 
0.998623 
0.997555 
0.996666 
0.995927 
0.995317 
0.994815 
0.99441 
0.994099 
0.993875 
0.993731 
0.993655 
0.993642 
0.993694 
0.993814 
0.994002 
0.994252 
0.99455 
0.994881 
0.995237 
0.995616 
0.996032 
0.996489 
0.996973 
0.997465 
0.997955 
0.998439 
0.998912 
0.999368 
0.999799 
1.0002 
1.00057 
1.0009 
1.0012 
1.00145 
1.00165 
1.00182 
1.00194 
1.002 
1.00202 
1.00199 
1.00194 
1.00187 
1.00177 
1.00165 
1.0015 
1.00134 
1.00117 
1.00099 
1.00081 
1.00064 
1.00048 
1.00033 
1.0002 
1.00008 
0.999969 
0.999873 
0.999788 
0.999713 
0.999647 
0.999591 
0.999543 
0.999504 
0.999474 
0.999452 
0.999439 
0.999433 
0.999435 
0.999443 
0.999456 
0.999475 
0.999498 
0.999525 
0.999556 
0.999589 
0.999624 
0.999662 
0.9997 
0.999737 
0.999775 
